# id	file_path	transparent_color_r	g	b
[TEXTURES]
-100	Resources\textures\bbox.png	255	255	255
0	Resources\Map\World1_bank.png	255	255	255
10	Resources\textures\WorldMap.png	166	185	255
20	Resources\textures\Panel.png	255	255	255
#ID	TolColTile	TolRowTile	TolColMap	TolRowMap	TotalTiles	Matrix_path
[MAP]
0	8	4	16	11	32	Resources\Map\World1.txt


# id	left	top	right	bottom	texture_id
[SPRITES]
#============BUSH================
10001	252	14	268	30	10
10002	272	15	288	30	10
10003	292	14	308	30	10



#============PANEL===============
#============START===============
10010	252	93	268	109	10

#=========CLEAR--MARIO=========
10011	272	93	288	109	10

#=========CLEAR---LUGI===========
10012	292	93	308	109	10

#=========SPADE==================
10013	414	93	430	109	10

#========-S-SPADE===============
10014	434	93	450	109	10

#=========MINI-FORTRESS==========
10015	333	93	349	109	10
#===Destroyed===
10016	354	95	370	109	10

#========LOCKED-DOOR=========
10016	394	93	410	109	10

#========TOAD's HOUSE=======
10017	374	93	390	109	10

#========FORTRESS==========
10018	415	133	447	165	10

#=======LEVEL 1============
10019	35	33	51	48	20
#=======LEVEL 2============
10020	52	33	68	48	20
#=======LEVEL 3============
10021	69	33	85	48	20
#=======LEVEL 4============
10022	86	33	102	48	20
#=======LEVEL 5============
10023	103	33	119	48	20
#=======LEVEL 6============ 
10024	120	33	136	48	20




#========HAMMER-BROTHER====
10025	333	75	349	90	10
10026	354	74	370	90	10
10027	374	80	390	90	10


#========INVISIBLE========
10099	455	133	487	165	10

#=========PLAYER==========
#=========MARIO===========
#===Small====
11001	252	116	266	132	10
11002	272	116	286	132	10

#===Super====
11003	292	116	308	137	10
11004	312	116	328	137	10

#===Raccoon===
11005	333	113	349	137	10
11006	354	113	370	137	10

#====Fire=====
11007	333	168	349	189	10
11008	354	168	370	189	10



#========LUGI==============
#====Small====
11011	252	144	266	160	10
11012	272	144	286	160	10
#====Big=====	
11013	292	144	308	165	10
11014	312	144	328	165	10
#====Raccoonn==
11015	333	141	349	165	10
11016	354	141	370	165	10




[ANIMATIONS]
# ani_id	sprite1_id	time1	sprite2_id	time2	...
#=========BUSH-ANI===========
401	10001	300	10002	300	10003	300


#===============PANEL-ANI===========
#========START==========
402	10010	100
#========LEVEL1=========
403	10019	100
#========LEVEL2=========
404	10020	100
#========LEVEL3=========
405	10021	100
#========LEVEL4=========
406	10022	100
#========LEVEL5=========
407	10023	100
#========LEVEL6=========
408	10024	100
#========MARIO-CLEAR====
409	10025	100
#=======LUGI-CLEAR======
410	10026	100
#=======SPADEL==========
411	10013	100
#=======FORTRESS=======
412	10099	400	10018	400




#======PLAYER- ANI==========
#======MARIO-ANI===========
#==SMALL====
501	11001	100	11002	100
#==SUPER=====
502	11003	100	11004	100
#==RACCOON===
503	11005	100	11006	100
#==FIRE======
504	11007	100	11008	100

#======LUGI-ANI============
#==SMALL===========
511	11011	100	11012	100
#==BIG=============
512	11013	100	11014	100
#==RACCOON========
513	11015	100	11016	100

[ANIMATION_SETS]
# id	ani1	ani2	ani3
#=======BRUSH-ANISET====
2	401


#=======PANEL-ANISET====
#===START===
3	402	409	410
#===LEVEL1===
4	403	409	410
#===LEVEL2===
5	404	409	410	
#===LEVEL3====
6	405	409	410
#===LEVEL4====
7	406	409	410
#===LEVEL5====
8	407	409	410
#===LEVEL6====
9	408	409	410
#===SPADEL====
10	411	409	410
#===FORTRESS===
11	412	

#===PLAYER-ANISET=====
#==MARIO===
20	501	502	503	504
#==LUGI====
21	511	512	513	504



[OBJECTS]
# type	x	y	ani_set_id	extra_settings per object type	type
# 20 = BRUSH, 21 = PANEL
#=======BRUSH-OBJ===========
20	8	8	2
20	16	8	2
20	24	8	2
20	8	16	2
20	16	16	2
20	24	16	2

20	8	32	2
20	16	32	2
20	24	32	2
20	8	40	2
20	16	40	2
20	24	40	2
20	8	48	2

20	40	16	2
20	48	16	2
20	56	16	2
20	40	24	2
20	48	24	2
20	56	24	2
20	40	32	2
20	48	32	2
20	56	32	2

20	72	16	2
20	80	16	2
20	88	16	2

20	104	8	2
20	112	8	2
20	104	16	2
20	112	16	2
20	104	24	2
20	112	24	2
20	104	32	2
20	112	32	2
20	72	32	2
20	80	32	2
20	88	32	2
20	96	32	2
20	112	40	2
20	112	48	2
20	112	56	2
20	112	64	2
20	112	72	2
20	72	40	2
20	80	40	2

20	64	48	2
20	56	48	2
20	48	48	2


#========PANEL-OBJ=======
21	16	24	3
21	32	8	4
21	64	8	5
21	80	8	6
21	80	24	7
21	64	40	10
21	64	72	9
21	32	72	8
21	96	47	11

#========PLAYER===========
#===MARIO==
22	16	24	20
