16	5
# MARIO
0	16.0	400
#PiranhaPlant
8	1816	398	0	2	10
#Fire PiranhaPlant
10	376	350	48	1	2	2
10	1880	400	40	0	2	10
#Ground
4	16.0	432	3	0
4	32	432	3	0
4	48	432	3	0
4	64	432	3	0
4	80	432	3	0
4	96	432	3	0
4	112	432	3	0
4	144	432	3	0
4	160	432	3	0
4	176	432	3	0
4	192	432	3	1
4	208	432	3	1
4	224	432	3	1
4	240	432	3	1
4	256	432	3	1
4	272	432	3	1
4	288	432	3	1
4	304	432	3	1
4	320	432	3	1
4	336	432	3	1
4	368	432	3	2
4	384	432	3	2
4	400	432	3	2
4	416	432	3	2
4	432	432	3	2
4	448	432	3	2
4	464	432	3	2
4	480	432	3	2
4	496	432	3	2
4	512	432	3	2
4	528	432	3	2
4	544	432	3	3
4	560	432	3	3
4	576	432	3	3
4	592	432	3	3
4	608	432	3	3
4	624	432	3	3
4	640	416	2	3
4	656	416	2	3
4	672	416	2	3
4	688	416	2	3
4	704	416	2	3
4	720	416	2	4
4	736	416	2	4
4	752	416	2	4
4	768	416	2	4
4	784	416	2	4
4	800	416	2	4
4	816	416	2	4
4	832	416	2	4
4	848	416	2	4
4	864	416	2	4
4	880	416	2	4
4	896	416	2	5
4	912	416	2	5
4	928	416	2	5
4	944	416	2	5
4	960	416	2	5
4	976	416	2	5
4	992	416	2	5
4	1008	416	2	5
4	1024	416	2	5
4	1040	416	2	5
4	1056	416	2	5
4	1072	416	2	6
4	1088	416	2	6
4	640	432	3	3
4	656	432	3	3
4	672	432	3	3
4	688	432	3	3
4	704	432	3	3
4	720	432	3	4
4	736	432	3	4
4	752	432	3	4
4	768	432	3	4
4	784	432	3	4
4	800	432	3	4
4	816	432	3	4
4	832	432	3	4
4	848	432	3	4
4	864	432	3	4
4	880	432	3	4
4	896	432	3	5
4	912	432	3	5
4	928	432	3	5
4	944	432	3	5
4	960	432	3	5
4	976	432	3	5
4	992	432	3	5
4	1008	432	3	5
4	1024	432	3	5
4	1040	432	3	5
4	1056	432	3	5
4	1072	432	3	6
4	1088	432	3	6
4	1166	432	3	6
4	1182	432	3	6
4	1198	432	3	6
4	1214	432	3	6
4	1230	432	3	6
4	1246	432	3	7
4	1278	432	3	7
4	1294	432	3	7
4	1310	432	3	7
4	1326	432	3	7
4	1342	432	3	7
4	1368	432	3	7
4	1374	432	3	7
4	1390	432	3	7
4	1406	432	3	7
4	1422	432	3	8
4	1438	432	3	8
4	1454	432	3	8
4	1470	432	3	8
4	1486	432	3	8
4	1502	432	3	8
4	1551	432	3	8
4	1567	432	3	8
4	1583	432	3	8
4	1599	432	3	9
4	1615	432	3	9
4	1680	432	3	9
4	1696	432	3	9
4	1712	432	3	9
4	1728	432	3	9
4	1744	432	3	9
4	1760	432	3	9
4	1792	432	3	10
4	1808	432	3	10
4	1824	432	3	10
4	1856	432	3	10
4	1872	432	3	10
4	1888	432	3	10
4	1920	432	3	10
4	1936	432	3	10
4	1952	432	3	11
4	1984	432	3	11
4	2000	432	3	11
4	2016	432	3	11
4	2032	432	3	11
4	2048	432	3	11
4	2080	432	3	11
4	2096	432	3	11
4	2112	432	3	11
4	2128	432	3	12
4	2144	432	3	12
4	2160	432	3	12
4	2176	432	3	12
4	2192	432	3	12
4	2208	432	3	12
4	2224	432	3	12
4	2238	432	3	12
4	2272	432	3	12
4	2288	432	3	12
4	2304	432	3	13
4	2320	432	3	13
4	2336	432	3	13
4	2352	432	3	13
4	2368	432	3	13
4	2400	432	3	13
4	2416	432	3	13
4	2432	432	3	13
4	2464	432	3	13
4	2480	432	3	14
4	2496	432	3	14
4	2512	432	3	14
4	2528	432	3	14
4	2544	432	3	14
4	2560	432	3	14
4	2576	432	3	14
4	2592	432	3	14
4	2608	432	3	14
4	2624	432	3	14
4	2640	432	3	14
4	2656	432	3	15
4	2672	432	3	15
4	2688	432	3	15
4	2704	432	3	15
4	2720	432	3	15
4	2736	432	3	15
4	2752	432	3	15
4	2768	432	3	15
4	2784	432	3	15
4	2800	432	3	15
4	2816	432	3	15
4	2240	673	4	12
4	2256	673	4	12
4	2272	673	4	12
4	2288	673	4	12
4	2256	673	4	12
4	2304	673	4	13
4	2320	673	4	13
4	2336	673	4	13
4	2352	673	4	13
4	2368	673	4	13
4	2384	673	4	13
4	2528	545	3	14
#wood brick
4	1520	352	2	8
4	1536	352	2	8
4	1584	416	2	8
4	1600	416	2	9
4	1616	416	2	9
4	1600	400	2	9
4	1616	400	2	9
4	1616	384	2	9
4	1680	384	2	9
4	1680	400	2	9
4	1696	400	2	9
4	1680	416	2	9
4	1696	416	2	9
4	1712	416	2	9
4	2272	384	2	12
4	2288	384	2	12
4	2272	317	2	12
4	2288	317	2	12
4	2256	516	3	12
4	2256	528	3	12
4	2256	560	3	12
4	2256	576	4	12
4	2256	592	4	12
4	2256	608	4	12
4	2256	624	4	12
4	2256	640	4	12
4	2256	656	4	12
4	2400	656	4	13
4	2416	640	4	13
4	2432	624	4	13
4	2448	608	4	13
4	2464	592	4	13
4	2480	576	4	14
4	2496	576	4	14
4	2512	576	4	14
4	2528	512	3	14
4	2544	512	3	14
4	2304	512	3	13
4	2320	512	3	13
4	2336	512	3	13
4	2352	512	3	13
4	2368	512	3	13
4	2384	512	3	13
4	2400	512	3	13
4	2416	512	3	13
4	2432	512	3	13
4	2448	512	3	13
4	2464	512	3	13
4	2480	512	3	14
#Block 
5	256	384	48	48	2	1
5	288	352	48	80	2	1
5	417	384	78	48	2	2
5	480	352	65	80	2	2
5	528	400	16	32	2	2
5	544	400	16	32	2	3
5	560	400	16	32	2	3
5	576	400	16	32	2	3
5	592	400	16	32	2	3
5	608	400	16	32	2	3
5	528	320	64	112	2	2
5	1280	400	109	32	2	7
5	1312	368	111	65	2	7
5	1344	336	111	99	2	7
5	1328	159	63	30	1	7
5	2159	384	48	48	2	12
5	2192	287	48	144	1	12
#Cloud Brick
5	1425	207	64	16	1	8
5	1506	191	208	16	1	8
#pipe
6	368	384	50	0	2	2
6	368	400	51	0	2	2
6	368	416	51	0	2	2
6	1808	400	50	0	2	10
6	1808	416	51	0	2	10
6	1872	384	50	0	2	10
6	1872	400	51	0	2	10
6	1872	416	51	0	2	10
6	2272	128	50	1	0	12
6	2272	144	51	0	1	12
6	2272	160	51	0	1	12
6	2272	176	51	0	1	12
6	2272	192	51	0	1	12
6	2272	208	51	0	1	12
6	2272	224	51	0	1	12
6	2272	240	51	0	1	12
6	2272	272	51	0	1	12
6	2272	288	51	0	2	12
6	2272	304	51	0	2	12
6	2272	400	51	0	2	12
6	2272	416	51	0	2	12
6	2336	400	50	0	2	13
6	2336	416	51	0	2	13
6	2496	528	52	2	3	14
6	2496	512	52	0	3	14
# ? Brick
1	192	368	43	1	2	1
1	208	368	43	1	2	1
1	240	320	43	1	2	1
1	256	320	43	4	2	1
1	432	336	43	1	2	2
1	672	400	43	4	2	3
1	720	360	43	1	2	4
1	1488	384	43	4	2	8
# Brick
1	1456	144	44	2	1	8
1	1968	416	42	5	2	11
1	1984	416	42	5	2	11
1	2000	416	42	5	2	11
1	2016	416	42	5	2	11
1	2032	416	42	5	2	11
1	2048	416	42	5	2	11
1	2064	416	42	5	2	11
1	1984	400	42	5	2	11
1	2000	400	42	5	2	11
1	2016	400	42	5	2	11
1	2032	400	42	5	2	11
1	2048	400	42	5	2	11
1	2064	400	42	5	2	11
1	2000	384	42	5	2	11
1	2016	384	42	5	2	11
1	2032	384	42	5	2	11
1	2048	384	44	6	2	11
1	2112	400	42	5	2	11
1	2112	416	42	5	2	11
1	2128	416	42	5	2	12
#Red Koopa
3	592.0	372	0	2	3
3	2112	370	0	2	11
#Green Koopa
3	1490	405	1	2	8
#Goomba
2	200	415	2	1
2	530	415	2	2
2	846	400	2	4
2	880	400	2	4
#ParaGoomba
11	920	396	2	5
#Green_ParaTroopa
12	1342	305	2	7
12	1393	305	2	7
12	1441	305	2	8
#Coin
9	1088	336	2	2	6
9	1120	304	2	2	6
9	1152	272	2	1	6
9	1184	240	2	1	6
9	1216	208	2	1	6
9	1344	97	2	0	7
9	1360	97	2	0	7
9	1377	97	2	0	7
9	1488	128	2	0	8
9	1504	128	2	0	8
9	1552	144	2	1	8
9	1568	144	2	1	8
9	1584	144	2	1	8
9	1600	144	2	1	9
9	1631	128	2	0	9
9	1647	128	2	0	9
9	1663	128	2	0	9
9	1679	128	2	0	9
9	1712	160	2	1	9
9	1744	128	2	0	9
9	1776	144	2	1	10
9	1824	113	2	0	10
9	1856	144	2	1	10
9	2352	561	2	3	13
9	2369	545	2	3	13
9	2385	545	2	3	13
9	2400	561	2	3	13
9	2400	578	2	4	13
9	2369	593	2	4	13
9	2385	593	2	4	13
9	2400	608	2	4	13
9	2400	624	2	4	13
9	2352	624	2	4	13
9	2369	640	2	4	13
9	2385	640	2	4	13
#HUD
13	0	0
#PORTAL
50	2701	348	2	15