14	3
# MARIO	x	y
0	48.0	90
#HUD
13	0	0
#GROUND	x	y
4	16	128	0	0
4	32	128	0	0
4	48	128	0	0
4	64	128	0	0
4	80	128	0	0
4	16	128	0	0
4	96	128	0	0
4	112	128	0	0
4	128	128	0	0
4	144	128	0	0
4	160	128	0	0
4	16	144	1	0
4	32	144	1	0
4	48	144	1	0
4	64	144	1	0
4	80	144	1	0
4	16	144	1	0
4	96	144	1	0
4	112	144	1	0
4	128	144	1	0
4	144	144	1	0
4	160	144	1	0
4	16	160	1	0
4	32	160	1	0
4	48	160	1	0
4	64	160	1	0
4	80	160	1	0
4	16	160	1	0
4	96	160	1	0
4	112	160	1	0
4	128	160	1	0
4	144	160	1	0
4	160	160	1	0
4	16	176	1	0
4	32	176	1	0
4	48	176	1	0
4	64	176	1	0
4	80	176	1	0
4	16	176	1	0
4	96	176	1	0
4	112	176	1	0
4	128	176	1	0
4	144	176	1	0
4	160	176	1	0
4	16	192	1	0
4	32	192	1	0
4	48	192	1	0
4	64	192	1	0
4	80	192	1	0
4	16	192	1	0
4	96	192	1	0
4	112	192	1	0
4	128	192	1	0
4	144	192	1	0
4	160	192	1	0
4	1935	176	1	10
4	1952	176	1	11
4	1968	176	1	11
4	1984	176	1	11
4	2000	176	1	11
4	2016	176	1	11
4	2032	176	1	11
4	2048	176	1	11
4	1935	192	1	10
4	1952	192	1	11
4	1968	192	1	11
4	1984	192	1	11
4	2000	192	1	11
4	2016	192	1	11
4	2032	192	1	11
4	2048	192	1	11
4	2048	16	0	11
4	2048	32	0	11
4	2048	48	0	11
4	2048	64	0	11
4	2048	80	0	11
4	2048	96	0	11
4	2048	112	0	11
4	2048	128	0	11
4	2048	144	1	11
4	2048	160	1	11
4	2080	192	1	11
4	2096	192	1	11
4	2112	192	1	11
4	2128	192	1	12
4	2160	192	1	12
4	2176	192	1	12
4	2192	192	1	12
4	2208	192	1	12
4	2224	192	1	12
4	2240	192	1	12
4	2256	192	1	12
4	2288	192	1	12
4	2304	192	1	13
4	2320	192	1	13
4	2336	192	1	13
4	2352	192	1	13
4	2368	192	1	13
4	2384	192	1	13
4	2400	192	1	13
4	2416	192	1	13
4	2432	192	1	13
4	2448	192	1	13
4	2464	192	1	13
4	2480	192	1	13
4	2496	192	1	13
4	2512	192	1	13
4	2528	192	1	13
4	2544	192	1	13
4	2560	192	1	13
4	2576	192	1	13
#BLOCK	x	y	w	h
5	1988	144	40	32	1	11
#PIPE	x	y	ani_set	type
6	1952	112	50	1	0	11
6	1952	128	51	0	0	11
6	1952	144	51	0	1	11
6	1952	160	51	0	1	11
6	2208	160	50	0	1	12
6	2208	176	51	0	1	12
#? BRICK	x	y	ani_set	type
1	240	128	42	5	0	1
1	256	128	42	5	0	1
1	272	128	42	5	0	1
1	288	128	42	5	0	1
1	400	112	42	5	0	2
1	416	112	42	5	0	2
1	432	112	42	5	0	2
1	448	112	42	5	0	2
1	464	112	42	5	0	2
1	624	64	42	5	0	3
1	640	64	42	5	0	3
1	656	64	44	2	0	3
1	672	64	42	5	0	3
1	656	144	42	5	1	3
1	672	144	42	5	1	3
1	768	96	42	5	0	4
1	768	128	42	5	0	4
1	768	144	42	5	1	4
1	784	144	42	5	1	4
1	800	144	42	5	1	4
1	816	144	42	5	1	4
1	880	112	42	5	0	4
1	880	128	42	5	0	4
1	880	144	42	5	1	4
1	880	160	42	5	1	4
1	896	160	42	5	1	5
1	912	160	42	5	1	5
1	976	112	42	5	0	5
1	976	128	42	5	0	5
1	992	128	44	4	0	5
1	992	176	42	5	1	5
1	1008	176	42	5	1	5
1	1024	176	42	5	1	5
1	1040	176	42	5	1	5
1	1040	128	44	1	10	0	5
1	1056	128	42	5	0	5
1	1072	128	42	5	0	6
1	1088	128	42	5	0	6
1	1104	128	42	5	0	6
1	1184	160	42	5	1	6
1	1200	160	42	5	1	6
1	1216	160	42	5	1	6
1	1232	160	42	5	1	6
1	1200	80	42	5	0	6
1	1216	80	42	5	0	6
1	1232	80	42	5	0	6
1	1248	80	42	5	0	7
1	1248	64	44	2	0	7
1	1280	144	42	5	1	7
1	1296	144	42	5	1	7
1	1408	80	42	5	0	7
1	1424	80	42	5	0	8
1	1440	80	42	5	0	8
1	1552	64	44	1	10	0	8
1	1552	80	42	5	0	8
1	1552	144	42	5	1	8
1	1552	160	42	5	1	8
1	1552	176	42	5	1	8
1	1568	176	42	5	1	8
1	1584	176	42	5	1	8
1	1600	176	42	5	1	9
1	1744	64	42	5	0	9
1	1744	80	42	5	0	9
1	1744	96	42	5	0	9
1	1792	144	42	5	1	10
1	1808	144	42	5	1	10
1	1824	144	42	5	1	10
#COIN	x	y	type
9	352	80	2	0	1
9	368	80	2	0	2
9	384	80	2	0	2
9	432	48	2	0	2
9	448	48	2	0	2
9	464	48	2	0	2
9	784	80	2	0	4
9	800	80	2	0	4
9	816	80	2	0	4
9	864	48	2	0	4
9	880	48	2	0	4
9	896	48	2	0	5
9	1344	64	2	0	7
9	1360	64	2	0	7
9	1376	64	2	0	7
9	1520	47	2	0	8
9	1520	64	2	0	8
9	1520	81	2	0	8
9	1520	97	2	0	8
9	1520	113	2	0	8
9	1520	129	2	0	8
9	1520	145	2	1	8
9	1520	161	2	1	8
9	1904	80	2	0	10
9	1920	80	2	0	10
9	1936	80	2	0	10
#RED_KOOPA	X	Y	SET_TYPE
3	1088	100	0	0	6
3	2000	115	0	0	11
#RED PARATROOPA
25	1902	80	0	10
#PORTAL
50	2461	109	0	13
#MOVING PLATTFORM
26	384	98	0	2
26	576	128	0	3
26	608	80	0	3
26	640	176	1	3
26	768	112	0	4
26	1104	160	1	6
26	1216	96	0	6
26	1392	128	0	7
26	1424	112	0	8
26	1568	80	0	8
26	1776	112	0	10
26	1744	160	1	9
26	1792	192	1	10
#BOOMERANG_BROTHER
27	2130	160	1	12
#MOVING_EDGE
28	16	16	2080	0	0